0 11

0 26

0 4

0 4

103
0 2 3 2 1
0 3 2 2 1
0 5 2 2 1
0 10 4 2 2
0 11 4 2 2
0 17 3 2 1
0 21 3 2 1
0 23 1 2 0
0 24 3 2 1
1 2 3 2 1
1 3 2 2 1
1 5 2 2 1
1 10 4 2 2
1 14 3 2 1
1 17 3 2 1
1 23 1 2 0
1 24 3 2 1
1 26 4 2 2
2 2 3 2 1
2 3 2 2 1
2 10 6 2 3
2 14 3 2 1
2 17 3 2 1
2 23 1 2 0
2 24 3 2 1
2 26 4 2 2
3 2 3 2 1
3 3 2 2 1
3 5 2 2 1
3 13 3 2 1
3 14 3 2 1
3 17 3 2 1
3 19 4 2 2
3 20 4 2 2
3 23 1 2 0
4 0 3 2 1
4 3 2 2 1
4 4 3 2 1
4 5 2 2 1
4 13 3 2 1
4 14 3 2 1
4 19 4 2 2
4 20 4 2 2
4 23 1 2 0
5 3 2 2 1
5 4 3 2 1
5 13 3 2 1
5 15 3 2 1
5 17 4 2 2
5 18 6 2 3
5 25 4 2 2
6 3 2 2 1
6 4 3 2 1
6 13 3 2 1
6 15 3 2 1
6 17 4 2 2
6 18 6 2 3
6 25 4 2 2
7 0 3 2 1
7 1 4 2 2
7 3 2 2 1
7 4 4 2 2
7 13 2 2 1
7 15 4 2 2
7 18 6 2 3
8 0 3 2 1
8 1 4 2 2
8 4 4 2 2
8 9 2 2 1
8 13 2 2 1
8 15 4 2 2
8 16 4 2 2
8 18 2 2 1
9 0 2 2 1
9 1 2 2 1
9 7 2 2 1
9 8 2 2 1
9 9 2 2 1
9 12 2 2 1
9 15 3 2 1
9 16 4 2 2
9 22 2 2 1
9 25 4 2 2
10 0 3 2 1
10 1 2 2 1
10 6 2 2 1
10 7 2 2 1
10 8 2 2 1
10 12 2 2 1
10 14 2 2 1
10 16 4 2 2
10 23 2 2 1
10 25 4 2 2
11 0 2 2 1
11 1 2 2 1
11 7 3 2 1
11 8 2 2 1
11 12 2 2 1
11 14 2 2 1
11 16 4 2 2
11 22 2 2 1
11 23 2 2 1
11 25 4 2 2

108
0 4 0
0 4 1
0 4 2
0 4 3
1 0 0
1 0 1
1 0 2
2 3 0
2 3 1
2 3 2
3 2 0
3 2 1
3 2 2
3 2 3
4 3 0
4 3 1
4 3 2
4 3 3
4 3 4
5 1 0
5 1 1
7 0 0
7 0 1
7 0 2
7 0 3
7 0 4
7 1 4
7 2 0
7 2 1
7 2 2
7 2 3
7 2 4
7 3 0
7 3 1
7 4 0
7 4 1
7 4 2
7 4 3
7 4 4
8 1 0
9 2 0
10 1 0
10 1 1
10 1 2
11 0 0
12 2 0
13 2 0
13 2 1
13 2 2
13 2 3
14 0 4
14 1 4
14 2 4
14 3 4
14 4 0
14 4 1
14 4 2
14 4 3
14 4 4
15 4 0
15 4 1
15 4 2
15 4 3
15 4 4
16 1 0
16 1 1
16 1 2
16 1 3
17 4 0
17 4 1
17 4 2
17 4 3
17 4 4
18 1 0
18 1 1
18 1 2
18 1 3
18 1 4
19 1 0
19 1 1
20 0 0
20 0 1
21 4 0
22 0 0
23 2 0
23 4 0
24 0 0
24 0 1
24 0 2
24 0 3
24 0 4
24 1 0
24 1 1
24 1 2
24 1 3
24 1 4
24 2 0
24 2 1
24 2 2
24 2 3
24 2 4
25 0 0
25 0 1
25 0 2
25 0 3
25 0 4
26 0 0
26 0 1
