0 17

0 44

0 4

0 4

135
0 1 3 2 1
0 2 4 2 2
0 8 2 2 1
0 11 4 2 2
0 13 1 2 0
0 26 2 2 1
0 29 3 2 1
0 36 3 2 1
0 44 3 2 1
1 1 3 2 1
1 2 2 2 1
1 6 3 2 1
1 13 4 2 2
1 26 2 2 1
1 27 4 2 2
1 43 4 2 2
1 44 3 2 1
2 1 3 2 1
2 2 2 2 1
2 13 4 2 2
2 26 2 2 1
2 27 4 2 2
2 36 3 2 1
2 43 4 2 2
2 44 3 2 1
3 1 2 2 1
3 7 4 2 2
3 8 2 2 1
3 26 2 2 1
3 27 4 2 2
3 29 3 2 1
3 35 4 2 2
3 43 4 2 2
4 1 2 2 1
4 8 2 2 1
4 11 4 2 2
4 21 4 2 2
4 22 3 2 1
4 26 2 2 1
4 27 4 2 2
4 28 4 2 2
5 0 6 2 3
5 4 4 2 2
5 9 4 2 2
5 15 3 2 1
5 37 4 2 2
5 41 4 2 2
6 7 3 2 1
6 19 4 2 2
6 25 4 2 2
6 30 4 2 2
6 38 6 2 3
6 39 4 2 2
7 15 3 2 1
7 16 2 2 1
7 17 2 2 1
7 19 4 2 2
7 34 6 2 3
7 37 4 2 2
7 41 4 2 2
8 7 3 2 1
8 19 4 2 2
8 23 6 2 3
8 25 4 2 2
8 30 4 2 2
8 39 4 2 2
9 3 4 2 2
9 15 3 2 1
9 34 6 2 3
9 37 4 2 2
9 41 4 2 2
9 42 4 2 2
10 7 3 2 1
10 23 6 2 3
10 24 4 2 2
10 25 4 2 2
10 30 4 2 2
10 40 4 2 2
11 3 4 2 2
11 6 3 2 1
11 13 4 2 2
11 18 4 2 2
11 31 6 2 3
11 42 4 2 2
12 3 4 2 2
12 4 4 2 2
12 6 3 2 1
12 18 4 2 2
12 31 6 2 3
12 41 4 2 2
13 15 3 2 1
13 19 4 2 2
13 25 4 2 2
13 30 4 2 2
13 38 6 2 3
13 40 4 2 2
14 7 3 2 1
14 19 4 2 2
14 25 4 2 2
14 30 4 2 2
14 38 6 2 3
14 40 4 2 2
15 1 2 2 1
15 5 2 2 1
15 7 2 2 1
15 10 7 2 3
15 14 2 2 1
15 15 2 2 1
15 20 2 2 1
15 21 2 2 1
15 23 2 2 1
15 33 2 2 1
16 0 2 2 1
16 1 2 2 1
16 2 2 2 1
16 3 2 2 1
16 15 2 2 1
16 20 2 2 1
16 23 2 2 1
16 26 2 2 1
16 32 4 2 2
16 33 3 2 1
16 42 2 2 1
17 0 2 2 1
17 1 2 2 1
17 2 2 2 1
17 3 2 2 1
17 7 2 2 1
17 12 2 2 1
17 15 2 2 1
17 20 2 2 1
17 23 2 2 1
17 32 2 2 1
17 33 3 2 1
17 42 2 2 1

156
2 0 0
2 0 1
2 0 2
2 0 3
2 0 4
5 1 0
5 1 1
5 1 2
5 1 3
5 1 4
6 2 0
6 2 1
6 2 2
6 2 3
6 2 4
9 0 0
9 0 1
9 0 2
9 0 3
9 0 4
10 2 0
10 2 1
10 2 2
10 2 3
10 2 4
10 4 0
10 4 1
10 4 2
11 1 0
11 1 1
11 1 2
11 1 3
11 1 4
12 0 0
12 0 1
12 0 2
12 0 3
12 0 4
12 3 0
12 3 1
12 3 2
12 3 3
12 3 4
13 1 3
14 0 0
14 0 1
14 0 2
14 0 3
14 0 4
14 3 0
14 3 1
14 3 2
14 3 3
14 3 4
16 0 0
16 0 1
16 0 2
16 0 3
16 0 4
16 1 0
16 1 1
16 1 2
16 1 3
16 1 4
16 4 2
16 4 3
16 4 4
17 1 0
17 1 1
17 1 2
17 1 3
17 1 4
18 1 0
18 1 1
18 1 2
18 1 3
18 1 4
21 1 0
21 1 1
21 1 2
21 3 0
21 3 1
21 3 2
21 3 3
21 3 4
21 4 0
21 4 1
21 4 2
21 4 3
21 4 4
22 3 1
22 3 2
22 3 3
22 3 4
23 0 0
23 0 1
23 0 2
23 0 3
23 0 4
24 0 0
24 0 1
24 0 2
26 3 2
26 3 3
26 3 4
28 2 0
28 2 1
28 2 2
28 2 3
28 2 4
28 3 0
28 3 1
28 3 2
28 3 3
28 3 4
29 1 0
29 1 1
29 1 2
29 1 3
29 1 4
29 2 0
31 1 4
31 2 0
31 2 1
31 2 2
31 2 3
31 2 4
32 3 0
32 3 1
32 3 2
32 3 3
32 3 4
34 1 0
34 4 4
36 0 0
36 0 1
37 0 0
37 0 1
37 0 2
38 4 0
38 4 1
38 4 2
38 4 3
38 4 4
39 4 3
39 4 4
43 0 0
43 0 1
43 0 2
43 0 3
43 0 4
44 2 0
44 2 1
44 2 2
44 2 3
44 2 4
