0 15

0 43

0 4

0 4

128
0 10 4 2 2
0 11 4 2 2
0 14 1 2 0
0 22 3 2 1
0 26 3 2 1
0 27 2 2 1
0 39 3 2 1
0 41 3 2 1
0 43 2 2 1
1 5 3 2 1
1 14 1 2 0
1 22 3 2 1
1 27 2 2 1
1 28 4 2 2
1 39 3 2 1
1 40 4 2 2
1 41 3 2 1
1 43 2 2 1
2 5 3 2 1
2 14 1 2 0
2 22 3 2 1
2 24 2 2 1
2 25 4 2 2
2 27 2 2 1
2 39 3 2 1
2 40 4 2 2
2 41 3 2 1
3 5 3 2 1
3 14 1 2 0
3 22 3 2 1
3 24 2 2 1
3 25 4 2 2
3 27 2 2 1
3 38 1 2 0
3 39 2 2 1
3 40 4 2 2
3 41 3 2 1
4 4 3 2 1
4 5 3 2 1
4 24 2 2 1
4 28 2 2 1
4 29 4 2 2
4 34 3 2 1
4 37 4 2 2
4 40 4 2 2
5 5 2 2 1
5 19 4 2 2
5 22 3 2 1
5 28 2 2 1
5 32 4 2 2
5 34 4 2 2
5 41 4 2 2
5 43 2 2 1
6 2 4 2 2
6 3 4 2 2
6 10 6 2 3
6 24 4 2 2
6 37 4 2 2
6 42 3 2 1
7 1 4 2 2
7 6 4 2 2
7 23 4 2 2
7 29 6 2 3
7 30 4 2 2
7 42 3 2 1
8 10 6 2 3
8 12 4 2 2
8 24 4 2 2
8 33 4 2 2
8 37 4 2 2
8 42 3 2 1
9 3 4 2 2
9 4 3 2 1
9 24 4 2 2
9 31 6 2 3
9 33 4 2 2
9 37 4 2 2
10 1 4 2 2
10 6 4 2 2
10 23 4 2 2
10 29 6 2 3
10 30 4 2 2
10 42 3 2 1
11 6 4 2 2
11 13 4 2 2
11 18 6 2 3
11 30 4 2 2
11 35 4 2 2
11 42 3 2 1
12 0 2 2 1
12 8 2 2 1
12 15 2 2 1
12 17 6 2 3
12 18 2 2 1
12 20 2 2 1
12 21 2 2 1
12 24 2 2 1
12 26 2 2 1
12 40 3 2 1
13 0 2 2 1
13 8 2 2 1
13 9 2 2 1
13 15 2 2 1
13 17 6 2 3
13 18 3 2 1
13 20 2 2 1
13 21 2 2 1
13 26 2 2 1
13 36 2 2 1
14 0 2 2 1
14 1 4 2 2
14 5 2 2 1
14 7 2 2 1
14 9 4 2 2
14 12 2 2 1
14 15 4 2 2
14 16 3 2 1
14 18 2 2 1
15 0 2 2 1
15 1 2 2 1
15 2 2 2 1
15 7 4 2 2
15 9 2 2 1
15 15 4 2 2
15 18 3 2 1
15 20 2 2 1
15 26 2 2 1
15 36 2 2 1

181
0 1 3
0 1 4
2 1 0
2 2 0
2 2 1
2 2 2
2 2 3
2 2 4
3 3 0
3 3 1
3 3 2
3 3 3
3 3 4
4 0 0
4 0 1
4 0 2
4 0 3
4 0 4
4 4 0
4 4 1
4 4 2
4 4 3
6 1 0
6 1 1
6 1 2
6 1 3
8 0 0
8 0 1
8 0 2
8 0 3
8 0 4
8 3 1
8 3 2
8 3 3
8 3 4
8 4 0
8 4 1
9 0 0
9 0 1
9 0 2
9 0 3
9 0 4
9 3 0
9 3 1
9 3 2
9 4 0
9 4 1
9 4 2
9 4 3
9 4 4
11 0 0
11 0 1
11 2 0
11 2 1
11 2 2
11 2 3
11 2 4
11 3 0
11 3 1
11 3 2
11 3 3
11 3 4
12 0 0
12 0 1
13 2 0
13 2 1
13 2 2
13 2 3
13 2 4
16 1 0
16 1 1
16 1 2
16 1 3
16 1 4
16 2 0
16 2 1
16 2 2
16 2 3
16 2 4
16 3 0
16 3 1
16 3 2
16 3 3
16 3 4
17 2 0
17 2 1
17 2 2
17 2 3
17 2 4
17 3 0
17 4 4
19 1 0
20 3 0
21 3 1
21 3 2
21 3 3
21 3 4
23 1 0
23 2 0
23 4 0
25 2 0
25 2 1
25 2 2
25 2 3
25 2 4
26 1 0
26 1 1
26 1 2
26 1 3
26 1 4
27 2 0
27 2 1
30 0 0
30 0 1
32 0 0
32 0 1
32 0 2
32 0 3
32 0 4
32 4 0
32 4 1
32 4 2
32 4 3
32 4 4
35 3 0
35 3 1
35 3 2
35 3 3
35 3 4
35 4 0
35 4 1
35 4 2
35 4 3
35 4 4
36 0 0
36 1 0
36 1 1
36 1 2
36 1 3
36 1 4
36 2 0
36 2 1
36 2 2
36 2 3
36 2 4
37 0 0
37 0 1
37 0 2
37 0 3
38 0 0
38 0 1
38 0 2
38 0 3
38 0 4
39 2 0
39 2 1
39 2 2
39 2 3
39 2 4
39 4 2
39 4 3
39 4 4
40 4 1
40 4 2
40 4 3
40 4 4
41 0 0
41 0 1
41 0 2
41 0 3
41 0 4
42 0 0
42 0 1
42 0 2
42 0 3
42 0 4
43 3 0
43 3 1
43 3 2
43 3 3
43 3 4
